-1.000000000000000000e+00 2.939152317953647342e-14
-9.966611018363940033e-01 1.510107418123489254e+00
-9.933222036727880067e-01 5.204741216233870205e-01
-9.899833055091820100e-01 -2.407419730799058855e-01
-9.866444073455760133e-01 -8.113544013791591514e-01
-9.833055091819699056e-01 -4.269034414017094936e-01
-9.799666110183639089e-01 -1.483419729808823917e-01
-9.766277128547579123e-01 2.717356273203466177e-01
-9.732888146911519156e-01 1.478136305958795749e+00
-9.699499165275459189e-01 1.134063852006732265e-01
-9.666110183639399223e-01 -1.303982825061471340e+00
-9.632721202003339256e-01 -9.080119516266818014e-01
-9.599332220367279289e-01 2.678483146344942112e-01
-9.565943238731218212e-01 1.204893261607463018e+00
-9.532554257095158246e-01 1.960370126300518545e-01
-9.499165275459098279e-01 1.047592331687155487e-02
-9.465776293823038312e-01 -2.521983632326543212e-01
-9.432387312186978345e-01 -1.209524992294233492e+00
-9.398998330550918379e-01 -1.927709613256491372e-01
-9.365609348914858412e-01 9.469123706245845540e-01
-9.332220367278798445e-01 1.287328144272447350e+00
-9.298831385642738478e-01 -2.252597469265802954e-01
-9.265442404006677402e-01 -1.464535299396378942e+00
-9.232053422370617435e-01 -2.088112302353467564e-01
-9.198664440734557468e-01 1.415065937053885392e-01
-9.165275459098497501e-01 4.637974821828084737e-01
-9.131886477462437535e-01 7.968237852000641386e-01
-9.098497495826377568e-01 2.111387838952855645e-01
-9.065108514190317601e-01 -5.789019180646335361e-01
-9.031719532554256524e-01 -1.509843718251384859e+00
-8.998330550918196558e-01 1.257171955484503445e-01
-8.964941569282136591e-01 1.502176820686421665e+00
-8.931552587646076624e-01 4.641721623666896779e-01
-8.898163606010016657e-01 -2.707706373155522872e-01
-8.864774624373956691e-01 -8.225823921482861012e-01
-8.831385642737896724e-01 -3.907453597925767963e-01
-8.797996661101836757e-01 -1.553342532998840397e-01
-8.764607679465776791e-01 3.385548220523691976e-01
-8.731218697829716824e-01 1.482906981126367540e+00
-8.697829716193655747e-01 2.044606430570361510e-03
-8.664440734557595780e-01 -1.315302681881837632e+00
-8.631051752921535813e-01 -8.676001302961887651e-01
-8.597662771285475847e-01 3.431826488351788496e-01
-8.564273789649415880e-01 1.193420014306560084e+00
-8.530884808013355913e-01 1.435487114458981472e-01
-8.497495826377294836e-01 3.110347755490489030e-02
-8.464106844741234870e-01 -3.115254021225814518e-01
-8.430717863105174903e-01 -1.207257083581304347e+00
-8.397328881469114936e-01 -1.183361783596890981e-01
-8.363939899833054969e-01 9.843594384688341137e-01
-8.330550918196995003e-01 1.265065505566522752e+00
-8.297161936560935036e-01 -3.368148011671834308e-01
-8.263772954924875069e-01 -1.442402769946884655e+00
-8.230383973288815103e-01 -1.501858478081609660e-01
-8.196994991652755136e-01 1.353182691281402950e-01
-8.163606010016694059e-01 5.010007951237174240e-01
-8.130217028380634092e-01 7.792074306082288349e-01
-8.096828046744574126e-01 1.818461171570092128e-01
-8.063439065108514159e-01 -6.392232479965576086e-01
-8.030050083472454192e-01 -1.501056822162621263e+00
-7.996661101836394225e-01 2.504986646485247159e-01
-7.963272120200333148e-01 1.486448581666837576e+00
-7.929883138564273182e-01 4.101702304862266391e-01
-7.896494156928213215e-01 -3.013034875836951842e-01
-7.863105175292153248e-01 -8.303247576204635383e-01
-7.829716193656093282e-01 -3.557338561916221220e-01
-7.796327212020033315e-01 -1.619725869017767939e-01
-7.762938230383973348e-01 4.087941807838852970e-01
-7.729549248747913381e-01 1.478633928191725122e+00
-7.696160267111853415e-01 -1.080604477447611594e-01
-7.662771285475793448e-01 -1.321586622747853212e+00
-7.629382303839733481e-01 -8.256002871107273045e-01
-7.595993322203672404e-01 4.183538481034874135e-01
-7.562604340567612438e-01 1.175234768028031285e+00
-7.529215358931552471e-01 9.518286352621091462e-02
-7.495826377295492504e-01 5.076293190614000750e-02
-7.462437395659432537e-01 -3.734596208319094779e-01
-7.429048414023371461e-01 -1.198102141860895031e+00
-7.395659432387311494e-01 -4.489163500502241222e-02
-7.362270450751251527e-01 1.020388430868210294e+00
-7.328881469115191560e-01 1.236954155879678163e+00
-7.295492487479131594e-01 -4.472654497179898714e-01
-7.262103505843071627e-01 -1.412119059948003574e+00
-7.228714524207011660e-01 -9.618954165166923587e-02
-7.195325542570951693e-01 1.302389537177843781e-01
-7.161936560934891727e-01 5.380776960179943780e-01
-7.128547579298831760e-01 7.587512531736338994e-01
-7.095158597662771793e-01 1.527157643244390628e-01
-7.061769616026711827e-01 -7.011479099331822118e-01
-7.028380634390650750e-01 -1.483491604474945547e+00
-6.994991652754590783e-01 3.734190111238299692e-01
-6.961602671118530816e-01 1.463380326798702669e+00
-6.928213689482470850e-01 3.585851455307880187e-01
-6.894824707846409773e-01 -3.323807878842723884e-01
-6.861435726210349806e-01 -8.344367026099107632e-01
-6.828046744574289839e-01 -3.222565628370532842e-01
-6.794657762938229872e-01 -1.677333942299753244e-01
-6.761268781302169906e-01 4.819134336278942943e-01
-6.727879799666109939e-01 1.465191938556447582e+00
-6.694490818030049972e-01 -2.161764120648118626e-01
-6.661101836393990006e-01 -1.323152592959777607e+00
-6.627712854757930039e-01 -7.819219021388186253e-01
-6.594323873121870072e-01 4.929114215072773475e-01
-6.560934891485810105e-01 1.150538095430745367e+00
-6.527545909849750139e-01 5.132488984271371679e-02
-6.494156928213690172e-01 6.882474172141432589e-02
-6.460767946577629095e-01 -4.373988546501142993e-01
-6.427378964941569128e-01 -1.182141857285348152e+00
-6.393989983305509162e-01 2.725551327873290686e-02
-6.360601001669449195e-01 1.055008187463477798e+00
-6.327212020033388118e-01 1.202792083369364606e+00
-6.293823038397328151e-01 -5.557983257364293994e-01
-6.260434056761268184e-01 -1.374141117359538589e+00
-6.227045075125208218e-01 -4.707556545647922919e-02
-6.193656093489148251e-01 1.266954638163197699e-01
-6.160267111853088284e-01 5.745906089524183136e-01
-6.126878130217028318e-01 7.357248886491394302e-01
-6.093489148580968351e-01 1.235699795636753251e-01
-6.060100166944908384e-01 -7.643289959335035633e-01
-6.026711185308848417e-01 -1.456971863222277452e+00
-5.993322203672788451e-01 4.935733593020225074e-01
-5.959933222036728484e-01 1.433483202043130511e+00
-5.926544240400667407e-01 3.094780257040645743e-01
-5.893155258764607440e-01 -3.640029637767750459e-01
-5.859766277128547474e-01 -8.348153311441111057e-01
-5.826377295492487507e-01 -2.906714762247518680e-01
-5.792988313856426430e-01 -1.720886664142420031e-01
-5.759599332220366463e-01 5.573124362950876431e-01
-5.726210350584306497e-01 1.442545630993664174e+00
-5.692821368948246530e-01 -3.216111053690864918e-01
-5.659432387312186563e-01 -1.320330825352846960e+00
-5.626043405676126596e-01 -7.364655899565599739e-01
-5.592654424040066630e-01 5.663793555325279394e-01
-5.559265442404006663e-01 1.119600268517163100e+00
-5.525876460767946696e-01 1.229107935798429141e-02
-5.492487479131886730e-01 8.468290459460345310e-02
-5.459098497495826763e-01 -5.027053421495758512e-01
-5.425709515859766796e-01 -1.159524419243326721e+00
-5.392320534223706829e-01 9.784038963455402027e-02
-5.358931552587645752e-01 1.088198073896365026e+00
-5.325542570951585786e-01 1.162422017140024799e+00
-5.292153589315525819e-01 -6.616020082945667236e-01
-5.258764607679465852e-01 -1.328996584044766394e+00
-5.225375626043404775e-01 -3.018827082509001336e-03
-5.191986644407344809e-01 1.250732039590667921e-01
-5.158597662771284842e-01 6.101070888376163293e-01
-5.125208681135224875e-01 7.104160332311102444e-01
-5.091819699499164908e-01 9.420587090109242001e-02
-5.058430717863104942e-01 -8.283650601409846548e-01
-5.025041736227044975e-01 -1.421404518177734833e+00
-4.991652754590985008e-01 6.100872662439761340e-01
-4.958263772954925042e-01 1.397313876721224757e+00
-4.924874791318865075e-01 2.628568370329357751e-01
-4.891485809682803998e-01 -3.961300440922652655e-01
-4.858096828046744031e-01 -8.314026461328369866e-01
-4.824707846410684065e-01 -2.613006907199481033e-01
-4.791318864774624098e-01 -1.745144844780242288e-01
-4.757929883138564131e-01 6.343378384216801225e-01
-4.724540901502504164e-01 1.410749935004292244e+00
-4.691151919866444198e-01 -4.237192226279611895e-01
-4.657762938230384231e-01 -1.313457193123496403e+00
-4.624373956594324264e-01 -6.891284012308341866e-01
-4.590984974958263187e-01 6.382615990600186695e-01
-4.557595993322203221e-01 1.082758892448274946e+00
-4.524207011686143254e-01 -2.167560411822230804e-02
-4.490818030050083287e-01 9.776389963272327788e-02
-4.457429048414023320e-01 -5.687142326770381340e-01
-4.424040066777963354e-01 -1.130461047493650284e+00
-4.390651085141903387e-01 1.666413175951458048e-01
-4.357262103505843420e-01 1.119905631775369281e+00
-4.323873121869782343e-01 1.115736956503163402e+00
-4.290484140233722377e-01 -7.638763842525914116e-01
-4.257095158597662410e-01 -1.277276981607664563e+00
-4.223706176961602443e-01 3.588452293258662107e-02
-4.190317195325542476e-01 1.257106463228785109e-01
-4.156928213689482510e-01 6.442066460106649073e-01
-4.123539232053422543e-01 6.831245367084491926e-01
-4.090150250417362576e-01 6.440039131479048662e-02
-4.056761268781301499e-01 -8.928032504650380563e-01
-4.023372287145241533e-01 -1.376782786164022276e+00
-3.989983305509181566e-01 7.221262221157180861e-01
-3.956594323873121599e-01 1.355466122376280724e+00
-3.923205342237061632e-01 2.186797622681013742e-01
-3.889816360601001666e-01 -4.286819405233285307e-01
-3.856427378964941699e-01 -8.241877940381313605e-01
-3.823038397328881732e-01 -2.344246232914189709e-01
-3.789649415692820655e-01 -1.744996273170263401e-01
-3.756260434056760689e-01 7.122905697772831113e-01
-3.722871452420700722e-01 1.369949416169193857e+00
-3.689482470784640755e-01 -5.219082273785948800e-01
-3.656093489148580788e-01 -1.302866777458047354e+00
-3.622704507512520822e-01 -6.398092858819851569e-01
-3.589315525876460855e-01 7.080481004196436112e-01
-3.555926544240400888e-01 1.040415549926830385e+00
-3.522537562604340922e-01 -5.040869336745287810e-02
-3.489148580968279845e-01 1.075351577024827587e-01
-3.455759599332219878e-01 -6.347424154600901369e-01
-3.422370617696159911e-01 -1.095221706866619460e+00
-3.388981636060099945e-01 2.334799003098289305e-01
-3.355592654424039978e-01 1.150044969718718280e+00
-3.322203672787980011e-01 1.062685126025277427e+00
-3.288814691151920044e-01 -8.618420258200384376e-01
-3.255425709515860078e-01 -1.219630089003834739e+00
-3.222036727879799001e-01 6.961638134301412206e-02
-3.188647746243739034e-01 1.288946386262951882e-01
-3.155258764607679067e-01 6.764872622877124986e-01
-3.121869782971619101e-01 6.541563567071777552e-01
-3.088480801335559134e-01 3.391584621301754754e-02
-3.055091819699499167e-01 -9.571433737926307028e-01
-3.021702838063439200e-01 -1.323188276367362359e+00
-2.988313856427379234e-01 8.289046109479486502e-01
-2.954924874791318157e-01 1.308562095207218112e+00
-2.921535893155258190e-01 1.768593168880766564e-01
-2.888146911519198223e-01 -4.615395552106559829e-01
-2.854757929883138257e-01 -8.132085070451726683e-01
-2.821368948247078290e-01 -2.102768308343302972e-01
-2.787979966611018323e-01 -1.715541379363271779e-01
-2.754590984974958356e-01 7.904340433629370999e-01
-2.721202003338898390e-01 1.320376458140510856e+00
-2.687813021702837313e-01 -6.156433737959486896e-01
-2.654424040066777346e-01 -1.288887757049034688e+00
-2.621035058430717379e-01 -5.884146097672778852e-01
-2.587646076794657413e-01 7.752213058338321972e-01
-2.554257095158597446e-01 9.930314927435157646e-01
-2.520868113522537479e-01 -7.382031664867877430e-02
-2.487479131886477512e-01 1.135129407893004094e-01
-2.454090150250417546e-01 -7.000975400430534679e-01
-2.420701168614357579e-01 -1.054130085409660467e+00
-2.387312186978296502e-01 2.982202721883053798e-01
-2.353923205342236535e-01 1.178495935656311833e+00
-2.320534223706176569e-01 1.003274260465175649e+00
-2.287145242070116602e-01 -9.547494506373833678e-01
-2.253756260434056635e-01 -1.156751617907313623e+00
-2.220367278797996669e-01 9.823488208633734953e-02
-2.186978297161936702e-01 1.348566021765125189e-01
-2.153589315525876735e-01 7.065714939674740958e-01
-2.120200333889815658e-01 6.238174843772437139e-01
-2.086811352253755691e-01 2.505824100870884807e-03
-2.053422370617695725e-01 -1.020842849905413408e+00
-2.020033388981635758e-01 -1.260791964065559156e+00
-1.986644407345575791e-01 9.296940120010884767e-01
-1.953255425709515825e-01 1.257243452963903607e+00
-1.919866444073455858e-01 1.372671283539204090e-01
-1.886477462437395891e-01 -4.945466920751865336e-01
-1.853088480801334814e-01 -7.985517087353481980e-01
-1.819699499165274847e-01 -1.890395129525918871e-01
-1.786310517529214881e-01 -1.652177168837112298e-01
-1.752921535893154914e-01 8.680029635210982919e-01
-1.719532554257094947e-01 1.262348332382901894e+00
-1.686143572621034981e-01 -7.044518017466295801e-01
-1.652754590984975014e-01 -1.271835719718991120e+00
-1.619365609348915047e-01 -5.348636156988019197e-01
-1.585976627712853970e-01 8.392630196695609612e-01
-1.552587646076794003e-01 9.411224321458092623e-01
-1.519198664440734037e-01 -9.190218887838325079e-02
-1.485809682804674070e-01 1.152695174528923228e-01
-1.452420701168614103e-01 -7.640870958320649109e-01
-1.419031719532554137e-01 -1.007557926457029129e+00
-1.385642737896494170e-01 3.607675521383145734e-01
-1.352253756260434203e-01 1.205104096843706785e+00
-1.318864774624374236e-01 9.375751331778482411e-01
-1.285475792988313160e-01 -1.041888131694333142e+00
-1.252086811352253193e-01 -1.089376302013382425e+00
-1.218697829716193226e-01 1.218715236966405324e-01
-1.185308848080133259e-01 1.437696672620047689e-01
-1.151919866444073293e-01 7.341120650827270833e-01
-1.118530884808013326e-01 5.924079521418734728e-01
-1.085141903171953359e-01 -3.007855091370912476e-02
-1.051752921535893393e-01 -1.083322494640621469e+00
-1.018363939899832316e-01 -1.189854017279441623e+00
-9.849749582637723488e-02 1.023830731694368890e+00
-9.515859766277123821e-02 1.202162438227751817e+00
-9.181969949916524154e-02 9.973928498517739549e-02
-8.848080133555924487e-02 -5.275127337259548632e-01
-8.514190317195324820e-02 -7.803532633845914335e-01
-8.180300500834725153e-02 -1.708397829180796357e-01
-7.846410684474125485e-02 -1.550678132832324640e-01
-7.512520868113514716e-02 9.442126179326234547e-01
-7.178631051752915049e-02 1.196263202719328067e+00
-6.844741235392315382e-02 -7.879256630439550602e-01
-6.510851419031715714e-02 -1.252008487901892675e+00
-6.176961602671116047e-02 -4.790937203519777809e-01
-5.843071786310516380e-02 8.996615196029011940e-01
-5.509181969949916713e-02 8.852524940570655199e-01
-5.175292153589317046e-02 -1.047254762305660225e-01
-4.841402337228706276e-02 1.124395318974310831e-01
-4.507512520868106609e-02 -8.260274186186717937e-01
-4.173622704507506942e-02 -9.559188141817106521e-01
-3.839732888146907275e-02 4.210655412152196631e-01
-3.505843071786307608e-02 1.229681539803759049e+00
-3.171953255425707940e-02 8.657242525170195657e-01
-2.838063439065108273e-02 -1.122595126912253383e+00
-2.504173622704508606e-02 -1.018268524930084240e+00
-2.170283806343908939e-02 1.407272873491801080e-01
-1.836393989983298169e-02 1.557467779617077441e-01
-1.502504173622698502e-02 7.587968635257418271e-01
-1.168614357262098835e-02 5.602160325361755788e-01
-8.347245409014991679e-03 -6.408215264039412995e-02
-5.008347245408995008e-03 -1.143973059013294380e+00
-1.669449081802998336e-03 -1.110722467410945935e+00
1.669449081802998336e-03 1.110722467410945935e+00
5.008347245408995008e-03 1.143973059013294380e+00
8.347245409014991679e-03 6.408215264039412995e-02
1.168614357262098835e-02 -5.602160325361755788e-01
1.502504173622698502e-02 -7.587968635257418271e-01
1.836393989983298169e-02 -1.557467779617077441e-01
2.170283806343920041e-02 -1.407272873491688669e-01
2.504173622704519708e-02 1.018268524930133534e+00
2.838063439065119375e-02 1.122595126912201202e+00
3.171953255425719043e-02 -8.657242525170693037e-01
3.505843071786318710e-02 -1.229681539803743284e+00
3.839732888146918377e-02 -4.210655412151795840e-01
4.173622704507518044e-02 9.559188141817464013e-01
4.507512520868117711e-02 8.260274186186307155e-01
4.841402337228717379e-02 -1.124395318974359403e-01
5.175292153589317046e-02 1.047254762305660225e-01
5.509181969949916713e-02 -8.852524940570655199e-01
5.843071786310516380e-02 -8.996615196029011940e-01
6.176961602671116047e-02 4.790937203519777809e-01
6.510851419031715714e-02 1.252008487901892675e+00
6.844741235392315382e-02 7.879256630439550602e-01
7.178631051752915049e-02 -1.196263202719328067e+00
7.512520868113514716e-02 -9.442126179326234547e-01
7.846410684474136588e-02 1.550678132832375433e-01
8.180300500834736255e-02 1.708397829180902106e-01
8.514190317195335922e-02 7.803532633846035349e-01
8.848080133555935589e-02 5.275127337259358784e-01
9.181969949916535256e-02 -9.973928498520565067e-02
9.515859766277134923e-02 -1.202162438227790009e+00
9.849749582637734591e-02 -1.023830731694310936e+00
1.018363939899833426e-01 1.189854017279492471e+00
1.051752921535893393e-01 1.083322494640621469e+00
1.085141903171953359e-01 3.007855091370912476e-02
1.118530884808013326e-01 -5.924079521418734728e-01
1.151919866444073293e-01 -7.341120650827270833e-01
1.185308848080133259e-01 -1.437696672620047689e-01
1.218697829716193226e-01 -1.218715236966405324e-01
1.252086811352253193e-01 1.089376302013382425e+00
1.285475792988313160e-01 1.041888131694333142e+00
1.318864774624375347e-01 -9.375751331778947595e-01
1.352253756260435313e-01 -1.205104096843689687e+00
1.385642737896495280e-01 -3.607675521382729400e-01
1.419031719532555247e-01 1.007557926457062658e+00
1.452420701168615214e-01 7.640870958320222783e-01
1.485809682804675180e-01 -1.152695174528926281e-01
1.519198664440735147e-01 9.190218887837281470e-02
1.552587646076795114e-01 -9.411224321458457887e-01
1.585976627712855080e-01 -8.392630196695186617e-01
1.619365609348915047e-01 5.348636156988019197e-01
1.652754590984975014e-01 1.271835719718991120e+00
1.686143572621034981e-01 7.044518017466295801e-01
1.719532554257094947e-01 -1.262348332382901894e+00
1.752921535893154914e-01 -8.680029635210982919e-01
1.786310517529214881e-01 1.652177168837112298e-01
1.819699499165274847e-01 1.890395129525918871e-01
1.853088480801334814e-01 7.985517087353481980e-01
1.886477462437397001e-01 4.945466920751642181e-01
1.919866444073456968e-01 -1.372671283539420584e-01
1.953255425709516935e-01 -1.257243452963939800e+00
1.986644407345576901e-01 -9.296940120010224184e-01
2.020033388981636868e-01 1.260791964065604231e+00
2.053422370617696835e-01 1.020842849905371219e+00
2.086811352253756802e-01 -2.505824100899028961e-03
2.120200333889816768e-01 -6.238174843772704703e-01
2.153589315525876735e-01 -7.065714939674740958e-01
2.186978297161936702e-01 -1.348566021765125189e-01
2.220367278797996669e-01 -9.823488208633734953e-02
2.253756260434056635e-01 1.156751617907313623e+00
2.287145242070116602e-01 9.547494506373833678e-01
2.320534223706176569e-01 -1.003274260465175649e+00
2.353923205342236535e-01 -1.178495935656311833e+00
2.387312186978296502e-01 -2.982202721883053798e-01
2.420701168614358689e-01 1.054130085409677786e+00
2.454090150250418656e-01 7.000975400430087259e-01
2.487479131886478623e-01 -1.135129407893042952e-01
2.520868113522538589e-01 7.382031664865917886e-02
2.554257095158598556e-01 -9.930314927435485162e-01
2.587646076794658523e-01 -7.752213058337812379e-01
2.621035058430718490e-01 5.884146097673188525e-01
2.654424040066778456e-01 1.288887757049046234e+00
2.687813021702838423e-01 6.156433737958934005e-01
2.721202003338898390e-01 -1.320376458140510856e+00
2.754590984974958356e-01 -7.904340433629370999e-01
2.787979966611018323e-01 1.715541379363271779e-01
2.821368948247078290e-01 2.102768308343302972e-01
2.854757929883138257e-01 8.132085070451726683e-01
2.888146911519198223e-01 4.615395552106559829e-01
2.921535893155258190e-01 -1.768593168880766564e-01
2.954924874791318157e-01 -1.308562095207218112e+00
2.988313856427380344e-01 -8.289046109478761526e-01
3.021702838063440311e-01 1.323188276367396110e+00
3.055091819699500277e-01 9.571433737925884033e-01
3.088480801335560244e-01 -3.391584621303178615e-02
3.121869782971620211e-01 -6.541563567071922991e-01
3.155258764607680178e-01 -6.764872622876926256e-01
3.188647746243740144e-01 -1.288946386262988242e-01
3.222036727879800111e-01 -6.961638134298750447e-02
3.255425709515860078e-01 1.219630089003834739e+00
3.288814691151920044e-01 8.618420258200384376e-01
3.322203672787980011e-01 -1.062685126025277427e+00
3.355592654424039978e-01 -1.150044969718718280e+00
3.388981636060099945e-01 -2.334799003098289305e-01
3.422370617696159911e-01 1.095221706866619460e+00
3.455759599332219878e-01 6.347424154600901369e-01
3.489148580968279845e-01 -1.075351577024827587e-01
3.522537562604342032e-01 5.040869336744155382e-02
3.555926544240401999e-01 -1.040415549926858807e+00
3.589315525876461965e-01 -7.080481004195968708e-01
3.622704507512521932e-01 6.398092858820316753e-01
3.656093489148581899e-01 1.302866777458049352e+00
3.689482470784641865e-01 5.219082273785241588e-01
3.722871452420701832e-01 -1.369949416169233158e+00
3.756260434056761799e-01 -7.122905697772223821e-01
3.789649415692821766e-01 1.744996273170134893e-01
3.823038397328881732e-01 2.344246232914189709e-01
3.856427378964941699e-01 8.241877940381313605e-01
3.889816360601001666e-01 4.286819405233285307e-01
3.923205342237061632e-01 -2.186797622681013742e-01
3.956594323873121599e-01 -1.355466122376280724e+00
3.989983305509181566e-01 -7.221262221157180861e-01
4.023372287145241533e-01 1.376782786164022276e+00
4.056761268781301499e-01 8.928032504650380563e-01
4.090150250417363686e-01 -6.440039131481024859e-02
4.123539232053423653e-01 -6.831245367084559650e-01
4.156928213689483620e-01 -6.442066460106491421e-01
4.190317195325543587e-01 -1.257106463228554183e-01
4.223706176961603553e-01 -3.588452293256444436e-02
4.257095158597663520e-01 1.277276981607690987e+00
4.290484140233723487e-01 7.638763842525373438e-01
4.323873121869783454e-01 -1.115736956503195598e+00
4.357262103505843420e-01 -1.119905631775369281e+00
4.390651085141903387e-01 -1.666413175951458048e-01
4.424040066777963354e-01 1.130461047493650284e+00
4.457429048414023320e-01 5.687142326770381340e-01
4.490818030050083287e-01 -9.776389963272327788e-02
4.524207011686143254e-01 2.167560411822230804e-02
4.557595993322203221e-01 -1.082758892448274946e+00
4.590984974958263187e-01 -6.382615990600186695e-01
4.624373956594325374e-01 6.891284012308689366e-01
4.657762938230385341e-01 1.313457193123491518e+00
4.691151919866445308e-01 4.237192226279020701e-01
4.724540901502505275e-01 -1.410749935004309119e+00
4.757929883138565241e-01 -6.343378384216352694e-01
4.791318864774625208e-01 1.745144844780235627e-01
4.824707846410685175e-01 2.613006907199563744e-01
4.858096828046745141e-01 8.314026461328443141e-01
4.891485809682805108e-01 3.961300440922479460e-01
4.924874791318865075e-01 -2.628568370329357751e-01
4.958263772954925042e-01 -1.397313876721224757e+00
4.991652754590985008e-01 -6.100872662439761340e-01
5.025041736227044975e-01 1.421404518177734833e+00
5.058430717863104942e-01 8.283650601409846548e-01
5.091819699499164908e-01 -9.420587090109242001e-02
5.125208681135224875e-01 -7.104160332311102444e-01
5.158597662771284842e-01 -6.101070888376163293e-01
5.191986644407347029e-01 -1.250732039590813360e-01
5.225375626043406996e-01 3.018827082575087362e-03
5.258764607679466963e-01 1.328996584044795481e+00
5.292153589315526929e-01 6.616020082944825687e-01
5.325542570951586896e-01 -1.162422017140055441e+00
5.358931552587646863e-01 -1.088198073896334606e+00
5.392320534223706829e-01 -9.784038963455402027e-02
5.425709515859766796e-01 1.159524419243326721e+00
5.459098497495826763e-01 5.027053421495758512e-01
5.492487479131886730e-01 -8.468290459460345310e-02
5.525876460767946696e-01 -1.229107935798429141e-02
5.559265442404006663e-01 -1.119600268517163100e+00
5.592654424040066630e-01 -5.663793555325279394e-01
5.626043405676126596e-01 7.364655899565599739e-01
5.659432387312186563e-01 1.320330825352846960e+00
5.692821368948246530e-01 3.216111053690864918e-01
5.726210350584308717e-01 -1.442545630993691486e+00
5.759599332220368684e-01 -5.573124362949799515e-01
5.792988313856428650e-01 1.720886664142233791e-01
5.826377295492488617e-01 2.906714762247808448e-01
5.859766277128548584e-01 8.348153311441172120e-01
5.893155258764608551e-01 3.640029637767617787e-01
5.926544240400668517e-01 -3.094780257040974925e-01
5.959933222036728484e-01 -1.433483202043130511e+00
5.993322203672788451e-01 -4.935733593020225074e-01
6.026711185308848417e-01 1.456971863222277452e+00
6.060100166944908384e-01 7.643289959335035633e-01
6.093489148580968351e-01 -1.235699795636753251e-01
6.126878130217028318e-01 -7.357248886491394302e-01
6.160267111853088284e-01 -5.745906089524183136e-01
6.193656093489148251e-01 -1.266954638163197699e-01
6.227045075125208218e-01 4.707556545647922919e-02
6.260434056761268184e-01 1.374141117359538589e+00
6.293823038397330372e-01 5.557983257363120488e-01
6.327212020033390338e-01 -1.202792083369424114e+00
6.360601001669450305e-01 -1.055008187463454039e+00
6.393989983305510272e-01 -2.725551327869057960e-02
6.427378964941570239e-01 1.182141857285351705e+00
6.460767946577630205e-01 4.373988546500703345e-01
6.494156928213690172e-01 -6.882474172141432589e-02
6.527545909849750139e-01 -5.132488984271371679e-02
6.560934891485810105e-01 -1.150538095430745367e+00
6.594323873121870072e-01 -4.929114215072773475e-01
6.627712854757930039e-01 7.819219021388186253e-01
6.661101836393990006e-01 1.323152592959777607e+00
6.694490818030049972e-01 2.161764120648118626e-01
6.727879799666109939e-01 -1.465191938556447582e+00
6.761268781302169906e-01 -4.819134336278942943e-01
6.794657762938229872e-01 1.677333942299753244e-01
6.828046744574292060e-01 3.222565628371013569e-01
6.861435726210352026e-01 8.344367026099102080e-01
6.894824707846411993e-01 3.323807878842428565e-01
6.928213689482471960e-01 -3.585851455308309843e-01
6.961602671118531926e-01 -1.463380326798729980e+00
6.994991652754591893e-01 -3.734190111237479792e-01
7.028380634390651860e-01 1.483491604474952430e+00
7.061769616026711827e-01 7.011479099331822118e-01
7.095158597662771793e-01 -1.527157643244390628e-01
7.128547579298831760e-01 -7.587512531736338994e-01
7.161936560934891727e-01 -5.380776960179943780e-01
7.195325542570951693e-01 -1.302389537177843781e-01
7.228714524207011660e-01 9.618954165166923587e-02
7.262103505843071627e-01 1.412119059948003574e+00
7.295492487479131594e-01 4.472654497179898714e-01
7.328881469115191560e-01 -1.236954155879678163e+00
7.362270450751251527e-01 -1.020388430868210294e+00
7.395659432387313714e-01 4.489163500510723326e-02
7.429048414023373681e-01 1.198102141860929226e+00
7.462437395659433648e-01 3.734596208318626265e-01
7.495826377295493614e-01 -5.076293190611334827e-02
7.529215358931553581e-01 -9.518286352624211188e-02
7.562604340567613548e-01 -1.175234768028037724e+00
7.595993322203673515e-01 -4.183538481034395629e-01
7.629382303839733481e-01 8.256002871107273045e-01
7.662771285475793448e-01 1.321586622747853212e+00
7.696160267111853415e-01 1.080604477447611594e-01
7.729549248747913381e-01 -1.478633928191725122e+00
7.762938230383973348e-01 -4.087941807838852970e-01
7.796327212020033315e-01 1.619725869017767939e-01
7.829716193656093282e-01 3.557338561916221220e-01
7.863105175292153248e-01 8.303247576204635383e-01
7.896494156928213215e-01 3.013034875836951842e-01
7.929883138564275402e-01 -4.101702304862974713e-01
7.963272120200335369e-01 -1.486448581666871327e+00
7.996661101836395336e-01 -2.504986646484684276e-01
8.030050083472455302e-01 1.501056822162638138e+00
8.063439065108515269e-01 6.392232479965195280e-01
8.096828046744575236e-01 -1.818461171570465718e-01
8.130217028380635202e-01 -7.792074306082441559e-01
8.163606010016695169e-01 -5.010007951237001045e-01
8.196994991652755136e-01 -1.353182691281402950e-01
8.230383973288815103e-01 1.501858478081609660e-01
8.263772954924875069e-01 1.442402769946884655e+00
8.297161936560935036e-01 3.368148011671834308e-01
8.330550918196995003e-01 -1.265065505566522752e+00
8.363939899833054969e-01 -9.843594384688341137e-01
8.397328881469114936e-01 1.183361783596890981e-01
8.430717863105174903e-01 1.207257083581304347e+00
8.464106844741234870e-01 3.115254021225814518e-01
8.497495826377297057e-01 -3.110347755484933752e-02
8.530884808013357024e-01 -1.435487114458976476e-01
8.564273789649416990e-01 -1.193420014306584731e+00
8.597662771285476957e-01 -3.431826488351031879e-01
8.631051752921536924e-01 8.676001302961952044e-01
8.664440734557596890e-01 1.315302681881854285e+00
8.697829716193656857e-01 -2.044606430671697117e-03
8.731218697829716824e-01 -1.482906981126367540e+00
8.764607679465776791e-01 -3.385548220523691976e-01
8.797996661101836757e-01 1.553342532998840397e-01
8.831385642737896724e-01 3.907453597925767963e-01
8.864774624373956691e-01 8.225823921482861012e-01
8.898163606010016657e-01 2.707706373155522872e-01
8.931552587646076624e-01 -4.641721623666896779e-01
8.964941569282136591e-01 -1.502176820686421665e+00
8.998330550918196558e-01 -1.257171955484503445e-01
9.031719532554258745e-01 1.509843718251403732e+00
9.065108514190318711e-01 5.789019180646053364e-01
9.098497495826378678e-01 -2.111387838953238671e-01
9.131886477462438645e-01 -7.968237852000679133e-01
9.165275459098498612e-01 -4.637974821827665073e-01
9.198664440734558578e-01 -1.415065937054338363e-01
9.232053422370618545e-01 2.088112302354009076e-01
9.265442404006678512e-01 1.464535299396384049e+00
9.298831385642738478e-01 2.252597469265802954e-01
9.332220367278798445e-01 -1.287328144272447350e+00
9.365609348914858412e-01 -9.469123706245845540e-01
9.398998330550918379e-01 1.927709613256491372e-01
9.432387312186978345e-01 1.209524992294233492e+00
9.465776293823038312e-01 2.521983632326543212e-01
9.499165275459098279e-01 -1.047592331687155487e-02
9.532554257095158246e-01 -1.960370126300518545e-01
9.565943238731218212e-01 -1.204893261607463018e+00
9.599332220367280399e-01 -2.678483146344863286e-01
9.632721202003340366e-01 9.080119516267137758e-01
9.666110183639400333e-01 1.303982825061430262e+00
9.699499165275460300e-01 -1.134063852007189399e-01
9.732888146911520266e-01 -1.478136305958769547e+00
9.766277128547580233e-01 -2.717356273202898853e-01
9.799666110183640200e-01 1.483419729808931331e-01
9.833055091819700166e-01 4.269034414017233714e-01
9.866444073455760133e-01 8.113544013791591514e-01
9.899833055091820100e-01 2.407419730799058855e-01
9.933222036727880067e-01 -5.204741216233870205e-01
9.966611018363940033e-01 -1.510107418123489254e+00
1.000000000000000000e+00 -2.939152317953647342e-14
