-2.364229862478249011e-01
-2.821795124988202841e-01
-3.157078948556380493e-01
-3.238885338312559870e-01
-2.970662466800567114e-01
-2.376529973440453525e-01
-1.619442669156279935e-01
-9.020225567303952197e-02
-3.527243906235255633e-02
0.000000000000000000e+00
-2.821795124988202841e-01
-3.447596295040174508e-01
-3.942387518255909273e-01
-4.090629072507099284e-01
-3.693597204131251477e-01
-2.770197903098438053e-01
-1.636251629002840047e-01
-6.570645863759855265e-02
-2.460600505520991163e-17
3.527243906235253551e-02
-3.157078948556380493e-01
-3.942387518255909273e-01
-4.616996505164064346e-01
-4.865561621336122466e-01
-4.293712391175142917e-01
-2.862474927450094908e-01
-1.216390405334031311e-01
-9.226612484364646303e-17
6.570645863759845551e-02
9.020225567303942482e-02
-3.238885338312559870e-01
-4.090629072507099284e-01
-4.865561621336122466e-01
-5.193761136669564626e-01
-4.402064733237752159e-01
-2.201032366618875524e-01
-8.649349797500813225e-17
1.216390405334029784e-01
1.636251629002839492e-01
1.619442669156279657e-01
-2.970662466800567114e-01
-3.693597204131251477e-01
-4.293712391175142917e-01
-4.402064733237752159e-01
-3.245875768732105482e-01
0.000000000000000000e+00
2.201032366618874692e-01
2.862474927450094353e-01
2.770197903098438608e-01
2.376529973440453525e-01
-2.376529973440453525e-01
-2.770197903098438053e-01
-2.862474927450094908e-01
-2.201032366618875524e-01
0.000000000000000000e+00
3.245875768732105482e-01
4.402064733237751604e-01
4.293712391175142917e-01
3.693597204131252032e-01
2.970662466800567114e-01
-1.619442669156279935e-01
-1.636251629002840047e-01
-1.216390405334031311e-01
-8.649349797500813225e-17
2.201032366618874692e-01
4.402064733237751604e-01
5.193761136669564626e-01
4.865561621336123577e-01
4.090629072507100394e-01
3.238885338312559314e-01
-9.020225567303952197e-02
-6.570645863759855265e-02
-9.226612484364646303e-17
1.216390405334029784e-01
2.862474927450094353e-01
4.293712391175142917e-01
4.865561621336123577e-01
4.616996505164065456e-01
3.942387518255909828e-01
3.157078948556381603e-01
-3.527243906235255633e-02
-2.460600505520991163e-17
6.570645863759845551e-02
1.636251629002839492e-01
2.770197903098438608e-01
3.693597204131252032e-01
4.090629072507100394e-01
3.942387518255909828e-01
3.447596295040176173e-01
2.821795124988202841e-01
0.000000000000000000e+00
3.527243906235253551e-02
9.020225567303942482e-02
1.619442669156279657e-01
2.376529973440453525e-01
2.970662466800567114e-01
3.238885338312559314e-01
3.157078948556381603e-01
2.821795124988202841e-01
2.364229862478249011e-01
