0.000000000000000000e+00
1.515957890740986941e-02
3.028687382643683451e-02
4.534952444778104358e-02
6.031501746886931692e-02
7.515060923783994928e-02
8.982324742036799925e-02
1.042994914546136742e-01
1.185454316392597074e-01
1.325266068013151166e-01
1.462079206155032784e-01
1.595535567973043189e-01
1.725268935690522365e-01
1.850969259705785852e-01
1.972676905891858901e-01
2.090547019946022711e-01
2.204726071856637493e-01
2.315351693287924506e-01
2.422552727400802131e-01
2.526449381497095636e-01
2.627153484920875526e-01
2.724768854468263002e-01
2.819391769219822264e-01
2.911111556169821979e-01
3.000011287225180512e-01
3.086168587013510822e-01
3.169656549390791334e-01
3.250544758478272622e-01
3.328900407373983628e-01
3.404789504250107512e-01
3.478278151220879355e-01
3.549433875986738873e-01
3.618326989651489134e-01
3.685031936073577263e-01
3.749628588433998044e-01
3.812203437144839335e-01
3.872850599525579640e-01
3.931666408211864083e-01
3.988684962080965013e-01
4.043896044980107574e-01
4.097284522716250210e-01
4.148830445521066723e-01
4.198508438055982839e-01
4.246287012112082704e-01
4.292127804800993651e-01
4.335984748741589234e-01
4.377803185448177481e-01
4.417518938962933794e-01
4.455057880694506811e-01
4.490353941571670893e-01
4.523355860145909513e-01
4.554005737003374299e-01
4.582238288204473764e-01
4.607981948241434700e-01
4.631160250226805664e-01
4.651693464845169657e-01
4.669500465129939326e-01
4.684500767101294483e-01
4.696616676473934215e-01
4.705775448753968804e-01
4.711911343819210063e-01
4.714967241096518213e-01
4.714890062945749083e-01
4.711625969087836485e-01
4.705122922981293532e-01
4.695330078990467282e-01
4.682196803137156915e-01
4.665671571092039338e-01
4.645700757808715053e-01
4.622227927056855590e-01
4.595222772803209677e-01
4.564699052883410824e-01
4.530677612849557390e-01
4.493183704606031892e-01
4.452247694698251435e-01
4.407905815067481581e-01
4.360200939720498825e-01
4.309183366347221211e-01
4.254911576976191379e-01
4.197452946250288530e-01
4.136884359794217314e-01
4.073292698391202116e-01
4.006774146266089964e-01
3.937421255047753865e-01
3.865326183693196804e-01
3.790590057648674516e-01
3.713319797593725990e-01
3.633627867689539492e-01
3.551640167557664207e-01
3.467497029502672468e-01
3.381353212113441531e-01
3.293377687564396084e-01
3.203757009051386162e-01
3.112719165405180566e-01
3.020542150249309055e-01
2.927554041245892802e-01
2.834135136467322846e-01
2.740720395158582345e-01
2.647802256987087932e-01
2.555933923656130702e-01
